7174564868
7174553239
7174557079
7174553227
7174547267
620913608
6135189561
7001424943
7001424437
7001437175
5581788788
5581787876
5581786991
5581785015
6191930352
6191952623
6216245542
5678411160
6135400995
6135400637
6135400678
6135400494
7026157801
7026158821
7026149475
7033048189
6135400532
6135400669
6135400161
6135399902
7038418812
7050071872
7051037838
7050070979
6220583760
6220591511
6220590028
6220593693
7174561088
7174570864
7174562996
7174561535
7174560552
7174561517
7174549291
7174549278
6135190900
6135190375
6135190235
6135190616
5581783114
5581782265
5562523505
5581781092
6220589891
7000797937
6220588819
6220586539
6135196049
6135196236
6135195548
6135195699
6135731932
6135731914
6135732031
6135732123
6135731797
6135731576
6135842310
6135843098
6135843028
6135840122
6135842840
6135842295
6135842069
6135841510
6135841365
6135840408
7174557550
7174555085
7174546800
7198304870
7198304861
7198324505
7198318623
7198303363
7198324023
7198317186
7198305348
7198316192
7198312272
7198322590
7198308748
7198323980
7198302347
7198311747
7198321530
7198324458
7198317135
7198311215
7198321069
7198305298
7198317606
7198323474
7198309754
7198308257
7198321509
7198311193
7198319543
7198320557
7198317109
7198315159
7198319984
7198313668
7198321970
7198299883
7198320525
7198313664
7198301346
7198301862
7198309673